Load.1992553_2.AllocationFactor=0.25509
Load.1992553_3.AllocationFactor=1.1296E-008
Load.103602979_1.AllocationFactor=1.1605E-008
Load.103602979_2.AllocationFactor=0.25509
Load.103602979_3.AllocationFactor=1.1296E-008
Load.1992511_3.AllocationFactor=1.1296E-008
Load.103317988_1.AllocationFactor=1.1605E-008
Load.1992493_2.AllocationFactor=0.25509
Load.1992588_2.AllocationFactor=0.25509
Load.1992508_3.AllocationFactor=1.1296E-008
Load.1823847_2.AllocationFactor=0.25509
Load.103332079_1.AllocationFactor=1.1605E-008
Load.1823868_1.AllocationFactor=1.1605E-008
Load.1823824_2.AllocationFactor=0.25509
Load.103013369_1.AllocationFactor=1.1605E-008
Load.103013369_2.AllocationFactor=0.25509
Load.103013369_3.AllocationFactor=1.1296E-008
Load.26621406_1.AllocationFactor=1.1605E-008
Load.103013370_1.AllocationFactor=1.1605E-008
Load.103013370_2.AllocationFactor=0.25509
Load.103013370_3.AllocationFactor=1.1296E-008
Load.1765896_2.AllocationFactor=0.25509
Load.1823860_1.AllocationFactor=1.1605E-008
Load.1823866_1.AllocationFactor=1.1605E-008
Load.1992507_2.AllocationFactor=0.25509
Load.1992539_2.AllocationFactor=0.25509
Load.1992539_3.AllocationFactor=1.1296E-008
Load.26259151_1.AllocationFactor=1.1605E-008
Load.26259151_2.AllocationFactor=0.25509
Load.26259151_3.AllocationFactor=1.1296E-008
Load.26512071_1.AllocationFactor=1.1605E-008
Load.26512071_2.AllocationFactor=0.25509
Load.26512071_3.AllocationFactor=1.1296E-008
Load.26512070_1.AllocationFactor=1.1605E-008
Load.26512070_2.AllocationFactor=0.25509
Load.26512070_3.AllocationFactor=1.1296E-008
Load.26824809_1.AllocationFactor=1.1605E-008
Load.26824809_2.AllocationFactor=0.25509
Load.26824809_3.AllocationFactor=1.1296E-008
Load.103013366_1.AllocationFactor=1.1605E-008
Load.103013366_2.AllocationFactor=0.25509
Load.103013366_3.AllocationFactor=1.1296E-008
Load.103013371_1.AllocationFactor=1.1605E-008
Load.103013371_2.AllocationFactor=0.25509
Load.103013371_3.AllocationFactor=1.1296E-008
Load.26424523_1.AllocationFactor=1.1605E-008
Load.26424523_2.AllocationFactor=0.25509
Load.26424523_3.AllocationFactor=1.1296E-008
Load.103332075_1.AllocationFactor=1.1605E-008
Load.103332075_2.AllocationFactor=0.25509
Load.103332075_3.AllocationFactor=1.1296E-008
Load.103332076_1.AllocationFactor=1.1605E-008
Load.103332076_2.AllocationFactor=0.25509
Load.103332076_3.AllocationFactor=1.1296E-008
Load.1823845_2.AllocationFactor=0.25509
Load.1823845_3.AllocationFactor=1.1296E-008
Load.1823845_1.AllocationFactor=1.1605E-008
Load.1992431_1.AllocationFactor=1.1605E-008
Load.1992431_2.AllocationFactor=0.25509
Load.1992431_3.AllocationFactor=1.1296E-008
Load.26172320_2.AllocationFactor=0.25509
